7579
6717
2617
15299
24521
12569
20243
15699
8297
23169
17999
18795
21045
27021
2701
4591
5611
29253
14427
2599
13599
15799
7737
20207
25611
21811
5847
15775
27659
1079
18243
15471
23297
13801
1119
10821
21505
22829
4669
10071
24169
12367
5197
19271
12997
16921
4131
3141
22057
18039
1695
20211
11485
4171
919
20127
24957
8105
19371
28885
2219
25907
4485
6321
26925
9877
18947
27311
23401
6005
9551
2261
23683
23843
17037
29083
8217
29611
483
12567
6437
6707
13815
17627
7025
17115
1171
8973
12801
18605
29947
8459
18103
11391
11321
15383
3597
6993
11877
14893
10671
14943
18267
26203
22483
27035
13903
3465
4175
10133
4097
20101
15757
15077
7703
23715
14477
28243
22783
25805
19429
8829
15253
13381
2733
8427
307
13313
16657
2751
16885
26705
6901
6347
16013
535
29967
4615
26307
17265
13785
6309
21273
4285
16307
29601
4861
9271
25681
7353
14013
18843
3339
1993
9703
3391
22189
18371
16961
5469
875
7981
10005
22283
2185
26315
17495
28603
339
9271
15963
21731
19685
16427
143
2835
14725
3349
6921
29177
28987
5767
14937
23161
9985
25795
27845
16779
2457
14299
29697
12991
4763
7997
29537
9705
18669
13725
14779
599
18161
11389
20243
11117
19957
10487
24945
25843
11397
6019
17785
14713
25867
27601
29607
1927
1961
6695
28813
3769
19249
15281
14295
7251
10575
25803
28379
15597
26079
7921
23895
4811
6199
21367
2189
22689
9193
4491
15135
431
11523
8393
15953
5703
3235
29747
20499
5157
17745
1179
9551
23129
8179
23175
17105
29867
10921
9963
21701
27449
9585
1033
2697
6375
17573
21765
507
5649
639
2759
15209
6103
25117
2343
1119
19443
26659
15107
28529
22033
5099
26809
1595
15561
7985
3691
15231
26085
27689
1197
23723
21289
8547
14579
9621
29593
20223
16233
15097
17737
4055
16855
28095
7065
20405
829
24179
15163
27145
23819
6431
27519
6599
18853
22145
19245
29451
17469
26353
3541
27579
1309
20945
10621
23299
3935
14921
24547
289
10577
25995
28633
14645
19887
4081
2233
17033
45
26157
6177
14359
10959
7517
1275
28563
18125
19601
897
8799
12397
4439
23495
6581
3199
9989
27497
15155
27263
1747
485
19803
1693
9967
15493
21795
22205
1887
6291
28395
6197
23743
2197
13405
15453
26921
23207
22129
2067
23563
24711
1981
1293
17425
12989
19955
1923
3141
10363
29617
8721
12759
17967
20079
26495
8371
9545
343
3553
19737
3097
1625
16583
24821
20407
8041
29015
18215
3457
3247
29203
13759
6815
14857
1899
12751
29303
13319
13621
28357
673
7631
29717
7971
22257
26171
20661
4843
2887
3773
27533
22143
27819
14213
657
28481
12071
27467
23819
7861
17949
22687
4689
15583
26343
861
28137
24147
14421
10495
9993
14787
22893
17723
26587
1367
28857
7955
14351
12069
6159
16549
26063
3121
24793
28461
3427
13939
20387
24005
9289
27363
16231
4959
15837
15623
25443
11021
25461
377
10567
26733
429
27247
18959
4935
8453
14291
22441
11185
9885
15009
13009
19649
1529
5121
14129
421
23133
6077
495
6487
10849
8977
29169
29393
4435
16139
13727
2873
12111
6499
10203
24415
4339
1753
3813
22961
19361
2057
14531
4297
11745
8751
19021
1633
18023
23483
26181
10951
2497
20971
10535
21327
25637
10001
7867
133
21047
5047
2749
20465
183
3683
21571
22887
29897
28913
18803
9867
7217
3941
15809
20539
4425
4047
2785
24179
5645
6451
469
25735
6397
369
12733
21455
1251
16159
28133
601
713
21471
3677
6499
25631
28309
22079
24163
18687
16071
9349
23445
28241
1049
17209
19047
29047
27313
10369
14409
2811
16229
28897
9733
801
27211
14639
16311
23613
15005
20479
23501
6165
24655
7471
9119
3797
1805
4911
10613
15525
6235
12813
16925
12517
22917
19897
7161
14425
6165
5305
27025
25181
13461
393
22719
19375
9037
23425
3987
16959
23595
2263
11893
1231
25051
10241
24055
18345
14023
27955
29421
1853
28077
25099
5589
9517
8587
5279
2583
19391
3883
5211
28781
19959
26143
21805
3751
4723
5653
12655
28025
5997
6347
3409
28107
19751
18769
4501
24619
2331
12183
14873
1513
4661
5933
2975
12299
8101
29991
19469
16749
9401
14947
7493
18475
26057
10711
8075
5629
13763
21459
4443
25077
22679
22713
1753
2693
24329
17583
25771
5097
2669
27467
8499
2635
12029
5341
22825
1969
4385
10893
4355
5917
17609
13967
25787
26957
2847
13099
26533
7039
12345
22053
22837
12777
13881
2905
28769
7615
17593
9
2579
27363
127
8419
18513
28881
19735
17497
1895
1557
10481
89
2065
21157
21645
21211
17977
2659
12493
26603
7067
15949
4025
18703
9357
21875
10343
2169
631
13049
23253
3613
9853
5335
23789
28621
12691
4557
3569
8195
7051
4537
10209
29279
23895
28357
1301
18155
7105
29451
2081
21879
1949
4073
13441
19407
19603
14101
1121
4183
10367
5061
12719
2699
26601
4983
12139
7949
10121
8781
12557
11037
11557
893
3397
17517
12451
11617
4067
1931
18147
5397
21485
4623
27083
13475
1859
1221
15573
29837
29123
24455
19093
6851
27413
22771
3765
9857
28583
21313
15667
16563
4663
4211
26149
4799
27117
3361
29511
917
21909
20879
12479
18469
5503
23427
24147
25497
17165
3473
26741
29373
22193
17991
14779
14113
26455
9461
835
18951
18243
19913
27823
21119
16627
11577
14569
15871
3365
2735
2627
25521
18955
7923
11093
25287
27255
8707
10599
15229
27263
15621
11123
16115
16489
12695
20097
5215
8981
19603
2627
19913
26699
25525
863
14943
5199
18189
13573
241
22465
19989
25127
18439
15959
23803
1379
3451
3717
15919
3063
3645
13289
12781
24207
1057
6493
24901
26887
23345
11825
153
4645
26901
3397
26215
24835
883
13757
24767
1845
2687
24127
28979
28435
13029
24759
2773
19275
3683
25723
17879
28403
29931
26397
21275
3417
21703
21611
23845
23835
20961
27369
14809
23255
15053
6091
4011
14491
11071
22299
17693
12155
23439
1921
29849
6357
11935
29355
25825
1581
2141
9031
5835
3723
29159
5433
17551
255
22067
14035
2727
23265
26421
20157
17395
27837
13695
1937
451
9285
22445
1913
4555
2599
15837
22195
22247
6335
